Garrett Jones,1.0,0.251,49.0,0.004081632713882291,55.0,0.003636363690549677,14.0,0.014285714498588018,4.0,0.05000000074505806,0.0,0.0
Joey Votto,38.1,0.313,94.0,0.08106382856977747,112.0,0.06803571326392037,25.0,0.3047999954223633,5.0,1.5239999771118165,6.9,1.1043478095013162
Gaby Sanchez,1.0,0.254,43.0,0.004651162860005401,47.0,0.004255319212345367,9.0,0.022222222553359136,2.0,0.10000000149011612,1.0,0.20000000298023224
Paul Goldschmidt,48.1,0.292,101.0,0.09524752361939685,114.0,0.084385963908413,34.0,0.28294117310467887,14.0,0.6871428489685059,5.4,1.7814814602887188
Justin Smoak,1.0,0.242,56.0,0.0035714286246470044,60.0,0.0033333333830038708,18.0,0.011111111276679568,0.0,0.0,1.1,0.18181818452748383
Nick Swisher,1.2,0.263,75.0,0.0032000001271565754,84.0,0.002857142970675514,21.0,0.011428571882702056,2.0,0.12000000476837158,3.4,0.0705882380990421
Chris Carter,1.2,0.234,86.0,0.002790697785310967,96.0,0.0025000000993410745,32.0,0.007500000298023224,3.0,0.08000000317891438,2.0,0.12000000476837158
Freddie Freeman,29.9,0.301,91.0,0.06571428592388447,99.0,0.06040404059670188,25.0,0.23920000076293946,4.0,1.4950000047683716,4.6,1.3000000041464101
Corey Hart,1.1,0.267,67.0,0.0032835820717598075,74.0,0.0029729729568636096,21.0,0.010476190419424148,3.0,0.07333333293596904,1.9,0.11578947305679321
James Loney,1.3,0.282,56.0,0.004642856972558158,62.0,0.004193548233278336,12.0,0.02166666587193807,3.0,0.08666666348775227,1.8,0.1444444391462538
Josh Satin,1.0,0.272,28.0,0.007142857249294009,31.0,0.0064516129993623305,4.0,0.05000000074505806,1.0,0.20000000298023224,1.3,0.15384615613864017
Prince Fielder,38.9,0.289,97.0,0.08020618772998299,113.0,0.06884955937883495,33.0,0.23575758211540454,1.0,7.78000020980835,4.0,1.9450000524520874
Mike Carp,1.0,0.273,43.0,0.004651162860005401,47.0,0.004255319212345367,10.0,0.020000000298023225,3.0,0.06666666766007741,1.0,0.20000000298023224
Anthony Rizzo,11.6,0.27,94.0,0.02468085289001465,98.0,0.023673471139401804,28.0,0.08285714898790632,5.0,0.4640000343322754,3.9,0.5948718388875326
Joey Terdoslavich,1.0,0.257,22.0,0.009090909226374193,24.0,0.008333333457509676,5.0,0.04000000059604645,2.0,0.10000000149011612,0.2,1.0000000149011612
Tyler Moore,1.0,0.254,31.0,0.0064516129993623305,32.0,0.0062500000931322575,9.0,0.022222222553359136,1.0,0.20000000298023224,0.2,1.0000000149011612
Adrian Gonzalez,17.7,0.293,78.0,0.045384617952200085,86.0,0.04116279302641403,21.0,0.16857143810817174,2.0,1.7700001001358032,3.5,1.0114286286490304
Logan Morrison,1.0,0.254,53.0,0.0037735849618911743,57.0,0.0035087719821093374,14.0,0.014285714498588018,2.0,0.10000000149011612,0.7,0.28571428997176035
Justin Morneau,1.2,0.266,61.0,0.003934426385848249,67.0,0.003582089694578256,18.0,0.013333333863152398,0.0,0.0,0.2,1.2000000476837158
Chris Davis,42.4,0.272,105.0,0.08076190948486328,119.0,0.07126050836899701,41.0,0.2068292803880645,5.0,1.696000099182129,4.2,2.019047737121582
Mark Teixeira,3.2,0.254,75.0,0.00853333314259847,85.0,0.007529411596410415,26.0,0.024615384065187894,2.0,0.3199999928474426,2.9,0.22068965023961562
Adam Dunn,1.2,0.219,77.0,0.0031168832407369243,86.0,0.002790697785310967,30.0,0.008000000317891439,1.0,0.24000000953674316,0.8,0.30000001192092896
Ike Davis,1.0,0.241,60.0,0.0033333333830038708,65.0,0.0030769231227728037,19.0,0.010526315946328012,2.0,0.10000000149011612,1.6,0.12500000186264515
Paul Konerko,1.0,0.265,39.0,0.005128205204621339,43.0,0.004651162860005401,11.0,0.018181818452748386,0.0,0.0,0.3,0.6666666766007742
Mitch Moreland,1.1,0.252,56.0,0.003928571407284055,61.0,0.003606557357506674,18.0,0.01222222215599484,1.0,0.2199999988079071,0.1,2.199999988079071
Mark Trumbo,16.4,0.251,86.0,0.038139534551043845,96.0,0.03416666636864344,34.0,0.09647058739381678,5.0,0.6559999942779541,1.8,1.8222222063276503
Brett Wallace,1.0,0.243,38.0,0.005263157973164006,41.0,0.004878048853176396,12.0,0.016666666915019352,0.0,0.0,0.0,0.0
Matt Adams,4.2,0.277,74.0,0.011351350996945356,81.0,0.010370370046592053,24.0,0.03499999890724818,1.0,0.8399999737739563,2.0,0.41999998688697815
Chris Parmelee,1.0,0.259,34.0,0.00588235302883036,37.0,0.005405405485952222,9.0,0.022222222553359136,2.0,0.10000000149011612,0.6,0.3333333383003871
Yonder Alonso,1.0,0.288,67.0,0.0029850746713467498,75.0,0.0026666667064030964,14.0,0.014285714498588018,5.0,0.04000000059604645,2.8,0.07142857249294009
Darin Ruf,1.0,0.259,45.0,0.004444444510671827,48.0,0.004166666728754838,15.0,0.013333333532015483,0.0,0.0,1.2,0.16666666915019354
Mark Reynolds,1.1,0.221,47.0,0.0046808510384661085,50.0,0.004399999976158142,17.0,0.012941176400465123,3.0,0.07333333293596904,0.3,0.7333333293596904
Allen Craig,20.3,0.305,69.0,0.058840578880862915,81.0,0.05012345608369804,18.0,0.22555555237664116,3.0,1.353333314259847,3.2,1.2687499821186066
Adam Lind,1.1,0.271,66.0,0.00333333331527132,73.0,0.0030136986138069467,20.0,0.010999999940395355,1.0,0.2199999988079071,0.9,0.24444444311989677
Mike Napoli,4.5,0.255,78.0,0.011538461232796693,88.0,0.010227272456342524,24.0,0.037499999006589256,2.0,0.44999998807907104,3.1,0.29032257295423936
Eric Hosmer,17.6,0.296,87.0,0.04045976989570706,90.0,0.03911111089918348,22.0,0.15999999913302335,15.0,0.23466666539510092,3.5,1.005714280264718
Adam LaRoche,1.0,0.255,65.0,0.0030769231227728037,69.0,0.0028985507678294525,20.0,0.010000000149011612,3.0,0.06666666766007741,1.7,0.1176470605766072
Brandon Belt,6.0,0.29,82.0,0.014634146922972144,94.0,0.012765957954082084,20.0,0.06000000238418579,6.0,0.20000000794728598,4.4,0.27272728356448084
Ryan Howard,1.7,0.255,61.0,0.005573770550430798,70.0,0.004857142908232553,22.0,0.015454545617103577,0.0,0.0,0.9,0.37777778175142074
Brandon Moss,4.0,0.259,82.0,0.009756097706352792,92.0,0.008695652303488358,29.0,0.02758620730761824,4.0,0.20000000298023224,2.4,0.3333333383003871
Albert Pujols,22.8,0.286,84.0,0.054285713604518344,89.0,0.05123595441325327,27.0,0.16888888676961264,4.0,1.1399999856948853,3.6,1.2666666507720947
Edwin Encarnacion,32.6,0.277,98.0,0.06653060718458526,112.0,0.058214281286512105,35.0,0.18628570011683873,5.0,1.303999900817871,4.2,1.5523808343069894
