Alex Rodriguez,1.0,0.229,3.0,0.06666666766007741,4.0,0.05000000074505806,1.0,0.20000000298023224,0.0,0.0,-0.1,-2.0000000298023224
Mike Moustakas,1.1,0.257,56.0,0.003928571407284055,60.0,0.003666666646798452,16.0,0.013749999925494194,4.0,0.054999999701976776,2.6,0.08461538415688734
Luis Valbuena,1.0,0.229,44.0,0.004545454613187097,49.0,0.004081632713882291,11.0,0.018181818452748386,2.0,0.10000000149011612,1.6,0.12500000186264515
Xander Bogaerts,4.3,0.28,70.0,0.012285714490073069,76.0,0.011315789661909404,17.0,0.05058823613559499,8.0,0.10750000178813934,4.3,0.20000000332677087
Maicer Izturis,1.0,0.263,33.0,0.006060606150916128,34.0,0.00588235302883036,6.0,0.033333333830038704,5.0,0.04000000059604645,0.4,0.5000000074505806
Kyle Seager,5.1,0.27,80.0,0.012749999761581421,84.0,0.01214285691579183,21.0,0.04857142766316732,8.0,0.1274999976158142,4.3,0.2372092978898869
Lonnie Chisenhall,1.0,0.247,45.0,0.004444444510671827,45.0,0.004444444510671827,12.0,0.016666666915019352,4.0,0.05000000074505806,1.0,0.20000000298023224
Josh Satin,1.0,0.272,28.0,0.007142857249294009,31.0,0.0064516129993623305,4.0,0.05000000074505806,1.0,0.20000000298023224,1.3,0.15384615613864017
Alberto Callaspo,1.5,0.257,43.0,0.006976744463277417,44.0,0.0068181820891120215,7.0,0.04285714456013271,1.0,0.30000001192092896,1.0,0.30000001192092896
Conor Gillaspie,1.0,0.254,44.0,0.004545454613187097,48.0,0.004166666728754838,11.0,0.018181818452748386,1.0,0.20000000298023224,1.2,0.16666666915019354
Todd Frazier,1.1,0.255,74.0,0.0029729729568636096,80.0,0.002749999985098839,22.0,0.00999999994581396,5.0,0.04399999976158142,3.9,0.056410256104591563
Juan Uribe,1.4,0.249,39.0,0.007179487210053664,42.0,0.006666666695049831,8.0,0.03500000014901161,4.0,0.07000000029802322,2.1,0.1333333339009966
Wilmer Flores,1.0,0.273,29.0,0.00689655182690456,31.0,0.0064516129993623305,7.0,0.028571428997176036,1.0,0.20000000298023224,1.1,0.18181818452748383
Ryan Zimmerman,21.0,0.283,77.0,0.0545454520683784,85.0,0.04941176246194279,23.0,0.18260868735935376,4.0,1.0499999523162842,4.1,1.0243901973817406
David Wright,32.4,0.305,90.0,0.07200000551011827,92.0,0.07043478799902875,22.0,0.2945454770868475,18.0,0.36000002755059135,6.9,0.9391305066537166
Jack Hannahan,1.0,0.24,21.0,0.009523809665725344,22.0,0.009090909226374193,2.0,0.10000000149011612,0.0,0.0,0.3,0.6666666766007742
Ramiro Pena,1.0,0.259,22.0,0.009090909226374193,21.0,0.009523809665725344,2.0,0.10000000149011612,1.0,0.20000000298023224,0.5,0.4000000059604645
Jeff Keppinger,1.0,0.27,24.0,0.008333333457509676,26.0,0.007692307806932009,4.0,0.05000000074505806,0.0,0.0,0.1,2.0000000298023224
Matt Davidson,1.0,0.25,56.0,0.0035714286246470044,61.0,0.00327868857344643,15.0,0.013333333532015483,3.0,0.06666666766007741,1.9,0.10526315946328013
Jose Iglesias,1.5,0.263,49.0,0.0061224492228761015,44.0,0.0068181820891120215,4.0,0.07500000298023224,12.0,0.025000000993410747,2.5,0.12000000476837158
David Freese,1.1,0.277,57.0,0.003859649101893107,62.0,0.0035483870775468887,13.0,0.01692307683137747,3.0,0.07333333293596904,2.7,0.0814814810399656
Josh Donaldson,15.2,0.284,89.0,0.03415730294216884,87.0,0.034942528297161234,21.0,0.14476190294538224,5.0,0.6079999923706054,5.9,0.515254230822547
Evan Longoria,27.9,0.275,96.0,0.0581249992052714,100.0,0.05579999923706055,31.0,0.179999997538905,5.0,1.115999984741211,6.8,0.8205882240744198
Trevor Plouffe,1.0,0.247,56.0,0.0035714286246470044,60.0,0.0033333333830038708,18.0,0.011111111276679568,4.0,0.05000000074505806,1.7,0.1176470605766072
Pedro Alvarez,14.4,0.24,85.0,0.03388235148261575,95.0,0.0303157881686562,34.0,0.08470587870653938,3.0,0.9599999586741129,3.4,0.8470587870653938
Chris Johnson,1.4,0.291,60.0,0.004666666686534882,67.0,0.0041791044954043715,13.0,0.02153846163016099,3.0,0.09333333373069763,2.0,0.14000000059604645
Mark Reynolds,1.1,0.221,47.0,0.0046808510384661085,50.0,0.004399999976158142,17.0,0.012941176400465123,3.0,0.07333333293596904,0.3,0.7333333293596904
Matt Dominguez,1.4,0.255,64.0,0.0043750000186264515,69.0,0.0040579710317694626,21.0,0.013333333390099662,1.0,0.2800000011920929,2.1,0.1333333339009966
Chase Headley,1.7,0.278,75.0,0.004533333381017049,81.0,0.0041975309083491195,18.0,0.01888888908757104,11.0,0.030909091234207153,5.3,0.06415094407099597
Brett Lawrie,9.4,0.281,68.0,0.027647057000328514,78.0,0.02410256251310691,17.0,0.11058822800131406,15.0,0.12533332506815592,4.4,0.4272726990959861
Justin Turner,1.0,0.268,16.0,0.012500000186264515,17.0,0.01176470605766072,1.0,0.20000000298023224,1.0,0.20000000298023224,0.2,1.0000000149011612
Cody Asche,1.0,0.266,53.0,0.0037735849618911743,57.0,0.0035087719821093374,13.0,0.015384615613864018,5.0,0.04000000059604645,1.8,0.11111111276679568
Matt Carpenter,19.7,0.299,106.0,0.03716981186057037,69.0,0.05710145010464433,11.0,0.3581818233836781,5.0,0.7880000114440918,5.3,0.7433962372114074
Hanley Ramirez,1.0,0.289,83.0,0.00240963859012328,82.0,0.002439024426588198,23.0,0.008695652303488358,16.0,0.012500000186264515,5.0,0.04000000059604645
Miguel Cabrera,60.3,0.33,107.0,0.11271027538263909,131.0,0.09206106462551437,40.0,0.3014999866485596,4.0,3.0149998664855957,6.7,1.7999999202899077
Manny Machado,10.6,0.283,79.0,0.026835444607312166,65.0,0.03261538652273325,15.0,0.14133334159851074,6.0,0.35333335399627686,4.4,0.4818182099949229
Will Middlebrooks,1.2,0.261,65.0,0.0036923078390268178,71.0,0.0033802818244611714,23.0,0.010434783023336659,4.0,0.06000000238418579,2.2,0.10909091342579234
Nolan Arenado,1.5,0.278,65.0,0.004615384798783522,73.0,0.004109589204396287,17.0,0.017647059524760526,4.0,0.07500000298023224,3.1,0.09677419739384804
Pablo Sandoval,9.8,0.297,71.0,0.027605634340098207,81.0,0.02419753133514781,19.0,0.10315789674457751,2.0,0.9800000190734863,4.5,0.4355555640326606
Martin Prado,8.4,0.29,74.0,0.02270270199389071,67.0,0.025074626082804665,12.0,0.1399999956289927,6.0,0.2799999912579854,3.2,0.5249999836087227
Joaquin Arias,1.0,0.266,24.0,0.008333333457509676,24.0,0.008333333457509676,2.0,0.10000000149011612,3.0,0.06666666766007741,0.3,0.6666666766007742
Adrian Beltre,38.2,0.305,94.0,0.08127659939705058,98.0,0.0779591871767628,29.0,0.2634482877007846,1.0,7.640000343322754,5.4,1.4148148783931025
Aramis Ramirez,4.5,0.288,73.0,0.012328766796686878,84.0,0.010714285430454072,21.0,0.04285714172181629,1.0,0.8999999761581421,3.7,0.24324323679949786
